[gd_scene load_steps=11 format=2]

[ext_resource path="res://Player/Player.gd" type="Script" id=1]
[ext_resource path="res://characters/CharacherMover.gd" type="Script" id=2]
[ext_resource path="res://characters/HealthManager.gd" type="Script" id=3]
[ext_resource path="res://Player/WeaponManager.gd" type="Script" id=4]
[ext_resource path="res://weapons/raw_assets/machinegun.glb" type="PackedScene" id=6]
[ext_resource path="res://weapons/raw_assets/machete.glb" type="PackedScene" id=7]

[sub_resource type="Animation" id=2]
length = 0.001
tracks/0/type = "value"
tracks/0/path = NodePath("..:translation")
tracks/0/interp = 1
tracks/0/loop_wrap = true
tracks/0/imported = false
tracks/0/enabled = true
tracks/0/keys = {
"times": PoolRealArray( 0 ),
"transitions": PoolRealArray( 1 ),
"update": 0,
"values": [ Vector3( 0, 0, 0 ) ]
}
tracks/1/type = "value"
tracks/1/path = NodePath("..:rotation_degrees")
tracks/1/interp = 1
tracks/1/loop_wrap = true
tracks/1/imported = false
tracks/1/enabled = true
tracks/1/keys = {
"times": PoolRealArray( 0 ),
"transitions": PoolRealArray( 1 ),
"update": 0,
"values": [ Vector3( 0, 0, 0 ) ]
}
tracks/2/type = "value"
tracks/2/path = NodePath(".:translation")
tracks/2/interp = 1
tracks/2/loop_wrap = true
tracks/2/imported = false
tracks/2/enabled = true
tracks/2/keys = {
"times": PoolRealArray( 0 ),
"transitions": PoolRealArray( 1 ),
"update": 0,
"values": [ Vector3( -3.81337, 2.59704, -6.30212 ) ]
}
tracks/3/type = "value"
tracks/3/path = NodePath(".:rotation_degrees")
tracks/3/interp = 1
tracks/3/loop_wrap = true
tracks/3/imported = false
tracks/3/enabled = true
tracks/3/keys = {
"times": PoolRealArray( 0 ),
"transitions": PoolRealArray( 1 ),
"update": 0,
"values": [ Vector3( 23.0545, -120.85, -35.485 ) ]
}

[sub_resource type="Animation" id=3]
resource_name = "attack"
length = 0.4
loop = true
tracks/0/type = "value"
tracks/0/path = NodePath(".:translation")
tracks/0/interp = 1
tracks/0/loop_wrap = true
tracks/0/imported = false
tracks/0/enabled = true
tracks/0/keys = {
"times": PoolRealArray( 0, 0.1, 0.2 ),
"transitions": PoolRealArray( 1, 1, 1 ),
"update": 0,
"values": [ Vector3( -3.81337, 2.59704, -6.30212 ), Vector3( -3.81337, 2.59704, -6.30212 ), Vector3( -3.81337, 2.59704, -6.30212 ) ]
}
tracks/1/type = "value"
tracks/1/path = NodePath(".:rotation_degrees")
tracks/1/interp = 1
tracks/1/loop_wrap = true
tracks/1/imported = false
tracks/1/enabled = true
tracks/1/keys = {
"times": PoolRealArray( 0, 0.1, 0.2 ),
"transitions": PoolRealArray( 1, 1, 1 ),
"update": 0,
"values": [ Vector3( 50.0756, -53.2815, 30.9439 ), Vector3( -72.8793, 24.0854, -104.13 ), Vector3( 19.289, -62.8769, 22.134 ) ]
}

[sub_resource type="Animation" id=4]
resource_name = "idle"
loop = true
tracks/0/type = "value"
tracks/0/path = NodePath("..:translation")
tracks/0/interp = 1
tracks/0/loop_wrap = true
tracks/0/imported = false
tracks/0/enabled = true
tracks/0/keys = {
"times": PoolRealArray( 0 ),
"transitions": PoolRealArray( 1 ),
"update": 0,
"values": [ Vector3( 0, 0, 0 ) ]
}
tracks/1/type = "value"
tracks/1/path = NodePath("..:rotation_degrees")
tracks/1/interp = 1
tracks/1/loop_wrap = true
tracks/1/imported = false
tracks/1/enabled = true
tracks/1/keys = {
"times": PoolRealArray( 0 ),
"transitions": PoolRealArray( 1 ),
"update": 0,
"values": [ Vector3( 0, 0, 0 ) ]
}

[sub_resource type="CapsuleShape" id=1]
radius = 0.5
height = 1.0059

[node name="Player" type="KinematicBody"]
transform = Transform( -0.0307654, 0, 0.999527, 0, 1, 0, -0.999527, 0, -0.0307654, -73.4043, -0.781036, 36.0079 )
collision_layer = 6
collision_mask = 3
script = ExtResource( 1 )

[node name="Camera" type="Camera" parent="."]
transform = Transform( -0.977739, 0.0986516, -0.185183, 0.0829793, 0.992427, 0.0905717, 0.192716, 0.0731891, -0.978521, 0.24271, 0.911899, 0.0916519 )
current = true

[node name="WeaponManager" type="Spatial" parent="Camera"]
transform = Transform( -0.97774, 0.0829793, 0.192716, 0.0986517, 0.992427, 0.0731891, -0.185184, 0.0905717, -0.978522, 0.143978, -0.935645, 0.0520325 )
script = ExtResource( 4 )

[node name="Weapons" type="Spatial" parent="Camera/WeaponManager"]
transform = Transform( 1, 1.06581e-14, 0, 0, 1, 1.9873e-14, 0, -1.11022e-16, 1, 0.832764, 0.542619, 0.649658 )

[node name="Machete" type="Spatial" parent="Camera/WeaponManager/Weapons"]
transform = Transform( 1, -2.09548e-09, 0, 0, 0.997898, -0.064811, 0, 0.0648109, 0.997896, 2.87915, -2.88675, 6.29067 )
visible = false

[node name="Graphics" type="Spatial" parent="Camera/WeaponManager/Weapons/Machete"]
transform = Transform( 1, 0, 0, 0, 1, 0, 0, 0, 1, 0, 0, 0 )

[node name="machete" parent="Camera/WeaponManager/Weapons/Machete/Graphics" instance=ExtResource( 7 )]
transform = Transform( -0.0533727, -0.123488, -0.189511, -0.128191, 0.161913, -0.0939476, 0.195753, 0.0723618, -0.113194, -3.81337, 2.59704, -6.30212 )

[node name="AnimationPlayer" type="AnimationPlayer" parent="Camera/WeaponManager/Weapons/Machete/Graphics/machete"]
autoplay = "attack"
anims/RESET = SubResource( 2 )
anims/attack = SubResource( 3 )
anims/idle = SubResource( 4 )

[node name="MachineGun" type="Spatial" parent="Camera/WeaponManager/Weapons"]
transform = Transform( 1, 0, 0, 0, 0.997898, -0.064811, 0, 0.0648108, 0.997896, 2.87915, -1.88675, 6.29074 )

[node name="Graphics" type="Spatial" parent="Camera/WeaponManager/Weapons/MachineGun"]

[node name="machinegun" parent="Camera/WeaponManager/Weapons/MachineGun/Graphics" instance=ExtResource( 6 )]
transform = Transform( -0.866026, -0.0324055, -0.498947, 0.0324055, 0.992159, -0.120685, 0.498949, -0.120684, -0.858186, -2.87549, 0.732802, -4.14664 )

[node name="Shotgun" type="Spatial" parent="Camera/WeaponManager/Weapons"]
transform = Transform( 1, -1.86265e-09, 0, 0, 0.997898, -0.064811, 0, 0.0648108, 0.997896, 2.87915, -1.88675, 6.29068 )
visible = false

[node name="RocketLauncher" type="Spatial" parent="Camera/WeaponManager/Weapons"]
transform = Transform( 1, 6.0536e-09, 1.86265e-08, -5.32907e-15, 0.997898, -0.064811, 0, 0.0648106, 0.997894, -0.455456, -0.0791187, 3.35066 )
visible = false

[node name="CharacherMover" type="Spatial" parent="."]
script = ExtResource( 2 )

[node name="CollisionShape" type="CollisionShape" parent="."]
transform = Transform( -0.816758, 0.543444, 0.193842, 0.11882, -0.170336, 0.978196, 0.564613, 0.821982, 0.0745511, 0.0319786, 0, -0.0389023 )
shape = SubResource( 1 )

[node name="HealthManager" type="Spatial" parent="."]
script = ExtResource( 3 )

[node name="test_hurt" type="Timer" parent="."]
wait_time = 3.0

[node name="test_heal" type="Timer" parent="."]

[node name="test_gun_unlocker" type="Timer" parent="."]
one_shot = true
autostart = true

[connection signal="timeout" from="test_hurt" to="." method="hurt" binds= [ 30, Vector3( 0, 0, 0 ) ]]
[connection signal="timeout" from="test_heal" to="." method="heal" binds= [ 10 ]]
[connection signal="timeout" from="test_gun_unlocker" to="." method="unlock_weapon_slot" binds= [ 4 ]]
