[gd_scene load_steps=20 format=2]

[ext_resource path="res://characters/enemies/raw_assets/birdmonster.glb" type="PackedScene" id=1]
[ext_resource path="res://characters/HitBox.tscn" type="PackedScene" id=2]
[ext_resource path="res://characters/enemies/Monster.gd" type="Script" id=3]
[ext_resource path="res://characters/HealthManager.tscn" type="PackedScene" id=4]

[sub_resource type="CapsuleShape" id=1]
radius = 0.5

[sub_resource type="CapsuleShape" id=4]
height = 0.730637

[sub_resource type="CapsuleShape" id=2]

[sub_resource type="CapsuleShape" id=5]
height = 0.913116

[sub_resource type="CapsuleShape" id=6]
height = 0.913116

[sub_resource type="CapsuleShape" id=8]
height = 0.913116

[sub_resource type="CapsuleShape" id=9]
height = 0.913116

[sub_resource type="CapsuleShape" id=3]
height = 0.913116

[sub_resource type="CapsuleShape" id=7]
height = 0.913116

[sub_resource type="CapsuleShape" id=10]
height = 0.913116

[sub_resource type="CapsuleShape" id=11]
height = 0.913116

[sub_resource type="CapsuleShape" id=12]
height = 0.730637

[sub_resource type="BoxShape" id=13]

[sub_resource type="BoxShape" id=14]

[sub_resource type="SphereShape" id=15]

[node name="BirdMonster" type="KinematicBody"]
collision_layer = 2
collision_mask = 3
script = ExtResource( 3 )

[node name="CollisionShape" type="CollisionShape" parent="."]
transform = Transform( 1, 0, 0, 0, -4.37114e-08, 1, 0, -1, -4.37114e-08, 0, 1, 0 )
shape = SubResource( 1 )

[node name="Graphics" parent="." instance=ExtResource( 1 )]

[node name="ArmUL" type="BoneAttachment" parent="Graphics/Armature/Skeleton" index="1"]
transform = Transform( -0.762323, 0.647196, 7.83272e-07, -0.646072, -0.760999, 0.0589265, 0.0381376, 0.0449205, 0.998262, 0.176714, 1.50515, 0.0672013 )
bone_name = "upper_arm.l"

[node name="HitBox" parent="Graphics/Armature/Skeleton/ArmUL" instance=ExtResource( 2 )]

[node name="CollisionShape" type="CollisionShape" parent="Graphics/Armature/Skeleton/ArmUL/HitBox"]
transform = Transform( 0.068105, -2.04891e-08, 1.49012e-07, -2.79397e-09, -7.45058e-09, -0.205822, 4.65661e-08, 0.0714665, -1.3411e-07, -0.0216329, 0.164505, 0.0475426 )
shape = SubResource( 4 )

[node name="ArmUR" type="BoneAttachment" parent="Graphics/Armature/Skeleton" index="2"]
transform = Transform( -0.762324, -0.647196, -7.96166e-07, 0.646072, -0.760999, 0.0589265, -0.0381376, 0.0449205, 0.998262, -0.176714, 1.50515, 0.0672013 )
bone_name = "upper_arm.r"

[node name="HitBox" parent="Graphics/Armature/Skeleton/ArmUR" instance=ExtResource( 2 )]

[node name="CollisionShape" type="CollisionShape" parent="Graphics/Armature/Skeleton/ArmUR/HitBox"]
transform = Transform( 0.111934, 3.72529e-09, 0, 1.39698e-08, -2.79397e-09, -0.159983, -7.45058e-09, 0.116781, 0, -0.00306666, 0.19405, 0.0472126 )
shape = SubResource( 2 )

[node name="ArmLL" type="BoneAttachment" parent="Graphics/Armature/Skeleton" index="3"]
transform = Transform( -0.998522, 0.0543443, 6.2942e-07, -0.0509083, -0.935395, 0.349921, 0.0190168, 0.349404, 0.936779, 0.456291, 1.17641, 0.0866061 )
bone_name = "lower_arm.l"

[node name="HitBox" parent="Graphics/Armature/Skeleton/ArmLL" instance=ExtResource( 2 )]

[node name="CollisionShape" type="CollisionShape" parent="Graphics/Armature/Skeleton/ArmLL/HitBox"]
transform = Transform( 0.0390495, 1.39698e-09, -4.65661e-10, 0, 1.86265e-09, -0.146817, -6.98492e-10, 0.0644213, -2.23517e-08, -0.00662291, 0.215393, 0.0472075 )
shape = SubResource( 5 )

[node name="CollisionShape2" type="CollisionShape" parent="Graphics/Armature/Skeleton/ArmLL/HitBox"]
transform = Transform( 0.0359417, 0.00291114, -0.0710873, -0.0152648, 0.00600757, -0.16763, -0.000201759, 0.0640744, 0.0189465, 0.0799398, 0.690287, -0.00530362 )
shape = SubResource( 6 )

[node name="CollisionShape3" type="CollisionShape" parent="Graphics/Armature/Skeleton/ArmLL/HitBox"]
transform = Transform( 0.0301627, 0.00291116, -0.0670788, -0.0247824, 0.00600759, -0.0812318, 0.000953169, 0.0640744, 0.0106639, 0.0972455, 0.50022, 0.0334398 )
shape = SubResource( 8 )

[node name="CollisionShape4" type="CollisionShape" parent="Graphics/Armature/Skeleton/ArmLL/HitBox"]
transform = Transform( 0.0362548, 0.00816165, -0.0446117, -0.0145004, 0.0186007, -0.11273, -0.00042826, 0.061135, 0.0402547, 0.0948657, 0.50923, -0.272811 )
shape = SubResource( 9 )

[node name="ArmLR" type="BoneAttachment" parent="Graphics/Armature/Skeleton" index="4"]
transform = Transform( -0.998523, -0.0543442, -6.71545e-07, 0.0509082, -0.935395, 0.349921, -0.0190168, 0.349404, 0.936779, -0.456291, 1.17641, 0.0866061 )
bone_name = "lower_arm.r"

[node name="HitBox" parent="Graphics/Armature/Skeleton/ArmLR" instance=ExtResource( 2 )]

[node name="CollisionShape" type="CollisionShape" parent="Graphics/Armature/Skeleton/ArmLR/HitBox"]
transform = Transform( 0.0390495, 2.79397e-09, -4.65661e-10, 1.28057e-09, 4.47035e-08, -0.185021, -8.14907e-10, 0.150241, -5.96046e-08, -0.0149308, 0.275441, 0.0475025 )
shape = SubResource( 3 )

[node name="CollisionShape2" type="CollisionShape" parent="Graphics/Armature/Skeleton/ArmLR/HitBox"]
transform = Transform( 0.0346179, -0.00285167, 0.0730681, 0.0180685, 0.00546348, -0.139993, 3.44589e-08, 0.0586553, 0.0165921, -0.0669673, 0.725191, -0.0636767 )
shape = SubResource( 7 )

[node name="CollisionShape3" type="CollisionShape" parent="Graphics/Armature/Skeleton/ArmLR/HitBox"]
transform = Transform( 0.0291652, -0.0119412, 0.0848764, 0.0259473, 0.0155634, -0.0936916, -0.00099893, 0.0556203, 0.0444385, -0.11134, 0.552035, -0.16841 )
shape = SubResource( 10 )

[node name="CollisionShape5" type="CollisionShape" parent="Graphics/Armature/Skeleton/ArmLR/HitBox"]
transform = Transform( 0.0241181, -0.0220553, 0.0551581, 0.0298971, 0.0049928, -0.0508391, 0.0070251, 0.0544708, 0.0269935, -0.177589, 0.893175, 0.301241 )
shape = SubResource( 11 )

[node name="LegUL" type="BoneAttachment" parent="Graphics/Armature/Skeleton" index="5"]
transform = Transform( -0.782991, 0.148378, 0.604052, 0.0548879, -0.950859, 0.304719, 0.619566, 0.271754, 0.736389, 0.131876, 0.936301, 1.37659e-07 )
bone_name = "upperleg.l"

[node name="HitBox" parent="Graphics/Armature/Skeleton/LegUL" instance=ExtResource( 2 )]

[node name="CollisionShape" type="CollisionShape" parent="Graphics/Armature/Skeleton/LegUL/HitBox"]
transform = Transform( 0.114768, -2.98023e-08, 3.72529e-09, -1.86265e-09, 6.51926e-09, -0.205854, 7.07805e-08, 0.0714666, 1.11759e-08, -0.0216329, 0.0619543, 0.0475427 )
shape = SubResource( 4 )

[node name="LegUR" type="BoneAttachment" parent="Graphics/Armature/Skeleton" index="6"]
transform = Transform( -0.782991, -0.148378, -0.604051, -0.0548878, -0.950859, 0.304719, -0.619566, 0.271754, 0.736389, -0.131876, 0.936301, 1.37659e-07 )
bone_name = "upperleg.r"

[node name="HitBox" parent="Graphics/Armature/Skeleton/LegUR" instance=ExtResource( 2 )]

[node name="CollisionShape" type="CollisionShape" parent="Graphics/Armature/Skeleton/LegUR/HitBox"]
transform = Transform( 0.116035, -5.58794e-08, 1.86265e-08, 9.31323e-09, -2.79397e-09, -0.205854, 1.19209e-07, 0.0714666, 3.72529e-09, -0.00517301, 0.21455, 0.0475427 )
shape = SubResource( 12 )

[node name="LegLL" type="BoneAttachment" parent="Graphics/Armature/Skeleton" index="7"]
transform = Transform( -0.786337, -0.178847, 0.591318, 0.0264708, -0.966053, -0.256983, 0.61719, -0.186426, 0.764397, 0.193831, 0.539271, 0.113471 )
bone_name = "lowerleg.l"

[node name="HitBox" parent="Graphics/Armature/Skeleton/LegLL" instance=ExtResource( 2 )]

[node name="CollisionShape" type="CollisionShape" parent="Graphics/Armature/Skeleton/LegLL/HitBox"]
transform = Transform( 0.116035, -5.58794e-08, 1.86265e-08, 9.31323e-09, -2.79397e-09, -0.205854, 1.19209e-07, 0.0714666, 3.72529e-09, -0.00517301, 0.21455, 0.0475427 )
shape = SubResource( 12 )

[node name="LegLR" type="BoneAttachment" parent="Graphics/Armature/Skeleton" index="8"]
transform = Transform( -0.786337, 0.178847, -0.591318, -0.0264707, -0.966053, -0.256983, -0.617189, -0.186426, 0.764397, -0.193831, 0.539271, 0.113471 )
bone_name = "lowerleg.r"

[node name="HitBox" parent="Graphics/Armature/Skeleton/LegLR" instance=ExtResource( 2 )]

[node name="CollisionShape" type="CollisionShape" parent="Graphics/Armature/Skeleton/LegLR/HitBox"]
transform = Transform( 0.116035, -5.58794e-08, 1.86265e-08, 9.31323e-09, -2.79397e-09, -0.205854, 1.19209e-07, 0.0714666, 3.72529e-09, -0.00517301, 0.21455, 0.0475427 )
shape = SubResource( 12 )

[node name="Hip" type="BoneAttachment" parent="Graphics/Armature/Skeleton" index="9"]
transform = Transform( 1, 0, 0, 0, 1, 0, 0, 0, 1, 0, 0.915201, 0 )
bone_name = "hip"

[node name="HitBox" parent="Graphics/Armature/Skeleton/Hip" instance=ExtResource( 2 )]

[node name="CollisionShape" type="CollisionShape" parent="Graphics/Armature/Skeleton/Hip/HitBox"]
transform = Transform( 0.154636, -1.39272e-07, 5.97508e-15, -2.57219e-16, -5.57712e-09, -0.123594, 1.68796e-07, 0.12759, -5.40246e-09, -0.00876325, 0.166082, 0.0475427 )
shape = SubResource( 13 )

[node name="Body" type="BoneAttachment" parent="Graphics/Armature/Skeleton" index="10"]
transform = Transform( 1, -1.42109e-14, 2.38418e-07, 4.31266e-08, 0.983504, -0.180886, -2.34486e-07, 0.180886, 0.983504, 0, 1.13977, 0 )
bone_name = "body"

[node name="HitBox" parent="Graphics/Armature/Skeleton/Body" instance=ExtResource( 2 )]

[node name="CollisionShape" type="CollisionShape" parent="Graphics/Armature/Skeleton/Body/HitBox"]
transform = Transform( 0.393373, -1.37492e-07, 8.88178e-15, -2.84217e-14, -7.45058e-09, -0.239697, 4.29393e-07, 0.125958, -7.45058e-09, -0.0102509, 0.327036, 0.0156848 )
shape = SubResource( 14 )

[node name="HitBox2" parent="Graphics/Armature/Skeleton/Body" instance=ExtResource( 2 )]
transform = Transform( 1, 2.43308e-08, -3.72533e-09, -6.4727e-08, 1, 0, 3.72526e-09, 0, 1, 0.00565517, -0.00412917, 0.00849646 )
weak_spot = true

[node name="CollisionShape" type="CollisionShape" parent="Graphics/Armature/Skeleton/Body/HitBox2"]
transform = Transform( 0.135159, -1.37492e-07, 4.44089e-15, 0, -3.72529e-09, -0.126678, 1.47536e-07, 0.125958, 0, -0.0230909, 0.512409, 0.201274 )
shape = SubResource( 15 )

[node name="HealthManager" parent="." instance=ExtResource( 4 )]
gib_at = -10

[editable path="Graphics"]
